pos      val_A      val_C      val_G      val_T
   0   0.000000  -0.043336  -0.011516   0.017726
   1  -0.047813   0.000000   0.013091  -0.101956
   2  -0.182231  -0.181049  -0.175911   0.000000
   3  -0.060972  -0.167962  -0.046646   0.000000
   4  -0.148953  -0.086020   0.080017   0.000000
   5   0.000000  -0.118278  -0.097253  -0.080759
   6  -0.110261   0.000000  -0.152107  -0.090131
   7   0.000000  -0.057420  -0.068266  -0.035982
   8   0.005902   0.000000  -0.000575   0.015666
   9   0.009749  -0.003896  -0.007071   0.000000
  10  -0.014538   0.027065  -0.005140   0.000000
  11   0.005352  -0.028754  -0.006818   0.000000
  12   0.000000   0.002487  -0.043119  -0.037748
  13  -0.020768  -0.006433  -0.027461   0.000000
  14   0.005100  -0.017158   0.000000  -0.019392
  15  -0.008094   0.000000   0.019881  -0.017191
  16  -0.004292  -0.000986  -0.008511   0.000000
  17  -0.002064  -0.000695  -0.016963   0.000000
  18  -0.007915   0.000000  -0.007768   0.008989
  19   0.022492   0.000000   0.009988  -0.004877
  20   0.007377   0.005435   0.000000   0.006224
  21  -0.009422   0.023763   0.000000   0.028698
  22   0.031504   0.000000   0.030946  -0.022557
  23   0.027721   0.000031   0.004710   0.000000
  24   0.039642   0.000000   0.079383   0.040809
  25  -0.013590   0.009897   0.000000  -0.039102
  26  -0.094018  -0.121626  -0.160908   0.000000
  27   0.000000  -0.232277  -0.238791  -0.227606
  28   0.010785  -0.049267  -0.035643   0.000000
  29   0.042782   0.014546   0.000000   0.006176
  30   0.071860   0.010970   0.012111   0.000000
  31  -0.096203  -0.158404  -0.136061   0.000000
  32   0.024343  -0.017461   0.000000  -0.012440
  33  -0.015319  -0.048387  -0.001782   0.000000
