pos     val_AA     val_AC     val_AG     val_AT     val_CA     val_CC     val_CG     val_CT     val_GA     val_GC     val_GG     val_GT     val_TA     val_TC     val_TG     val_TT
   0  -0.085500  -0.021146  -0.157024   0.029592   0.392626   0.028219  -0.087339  -0.075989   0.111410  -0.019852  -0.038651   0.238109   0.547310   0.166700   0.126695   0.155110
   1   0.336007   0.072365   0.432501   0.109692   0.353866   0.335701   0.306886  -0.064929   0.161215   0.108540   0.283404  -0.093393   0.126185   0.450534   0.223423   0.219210
   2   0.337417   0.271650   0.637411   0.327005   0.089218   0.155557   0.391365   0.335577   0.102990   0.237811   0.847719   0.306407   0.179958   0.378555   0.113999  -0.085350
   3   0.524569   0.162032  -0.156557   0.179420   0.526978   0.486045   0.114215   0.359750   0.084163   0.340826  -0.057233   0.169269   0.251387   0.195970  -0.274855  -0.047690
   4   0.249613   0.448248   0.228689   0.202231   0.220922   0.068738   0.232521  -0.026732  -0.293110  -0.075543   0.254082   0.216853  -0.039049   0.195780   0.117160   0.239014
   5   0.254690  -0.063803   0.325516   0.207062   0.195633   0.174986   0.502995   0.544211   0.083980   0.103467   0.662833   0.321149   0.421044   0.211726   0.319665   0.290712
   6   0.256632   0.079366   0.159913   0.422932  -0.049515   0.152671   0.049343  -0.011831   0.333576   0.304882   0.586487   0.243874   0.211058   0.253774   0.388843   0.351230
   7  -0.094660  -0.005957  -0.040163  -0.051316   0.172791   0.181895   0.014752  -0.278768   0.008182   0.106913  -0.271588  -0.116886  -0.016941   0.031622  -0.121276  -0.079702
   8   0.056805  -0.014252  -0.383329  -0.068702  -0.018561  -0.038945  -0.015128   0.008636  -0.266677  -0.135089   0.131678  -0.043034   0.021736   0.293825  -0.108084  -0.076236
   9  -0.178003   0.344132   0.407214  -0.041588   0.179289  -0.026372   0.112769  -0.043929  -0.050755   0.374659  -0.321823  -0.029874  -0.034230  -0.004271  -0.005504   0.004265
  10   0.193737   0.001595  -0.262836  -0.032808  -0.132104  -0.339382   0.046948   0.034470  -0.106575   0.000430  -0.133560   0.006966   0.010729  -0.030222   0.010623   0.000881
  11   0.002562  -0.150679   0.044424   0.143452  -0.042000   0.229782  -0.184721   0.139601   0.002061   0.235406  -0.483994   0.095323  -0.000428   0.014475  -0.002802   0.036477
  12   0.014745  -0.014709  -0.023026  -0.000959  -0.094513  -0.009220   0.247919   0.020812  -0.045341   0.252243  -0.161438  -0.027521  -0.053755   0.537778   0.048603   0.030826
  13   0.484181  -0.420412   0.006829   0.045747   0.177948   0.219942   0.005192  -0.013337  -0.357970   0.314627   0.000307  -0.358023  -0.022158  -0.008174  -0.002060   0.082440
  14  -0.047024  -0.025029   0.055916   0.081051   0.127788  -0.006118  -0.192699   0.075082   0.036419  -0.005258   0.021082   0.050792  -0.295837   0.088396   0.066866  -0.302873
  15   0.083052   0.056853   0.068824   0.022459  -0.026186  -0.033983   0.025524  -0.001979   0.305793   0.307765  -0.181198   0.002412  -0.065505   0.159611  -0.013341   0.042870
  16  -0.479854   0.157708   0.141084  -0.010220   0.208117  -0.361067   0.034002  -0.012603   0.062098   0.311261   0.061582   0.007648   0.050730   0.037249  -0.014656  -0.002092
  17  -0.074060   0.030874   0.278096   0.226423   0.146425   0.037319   0.062628  -0.153865   0.107279   0.004499  -0.226911  -0.173114  -0.011058  -0.002991   0.022643   0.000818
  18   0.733467  -0.006387  -0.156325  -0.182667   0.038969  -0.000834   0.008515  -0.040726  -0.215342   0.019387   0.304044   0.070827   0.084201  -0.027823   0.071662   0.512471
  19   0.112071   0.096757   0.045377   0.062887  -0.018865   0.008813   0.000251  -0.038526   0.269716  -0.060667   0.019062  -0.250742  -0.115051   0.018872  -0.026628   0.029137
  20  -0.084843   0.221058  -0.018968   0.125990   0.368951   0.616346  -0.021484   0.285618  -0.031592   0.019109   0.004526  -0.087425  -0.192570  -0.313397  -0.015922  -0.453607
  21  -0.054552  -0.043771   0.379938   0.307406  -0.467057   0.061857  -0.193742  -0.202886  -0.111794   0.005786  -0.091109   0.081053  -0.349182  -0.064922  -0.198883  -0.209564
  22  -0.080309   0.025957  -0.397291  -0.129321  -0.024606   0.039830  -0.127852   0.007836   0.465814  -0.175528  -0.108092  -0.106037   0.336338   0.184240   0.463658   0.046682
  23  -0.066197   0.019894  -0.481081   0.036207  -0.188382   0.071463  -0.648002  -0.276767  -0.325937  -0.081899  -0.525612  -0.322479  -0.069577   0.011621  -0.218510  -0.064661
  24   0.046090  -0.215189  -0.073776  -0.325684   0.055940   0.102317   0.006765   0.007416  -0.259379  -0.304650  -0.269582   0.152091   0.264689   0.097708  -0.093071  -0.174141
  25   0.115240   0.147001   0.171479   0.038952   0.317477   0.226048   0.354755   0.041018   0.182899   0.232595   0.358780  -0.040609  -0.014907   0.003690   0.323208  -0.014297
  26   0.167080   0.493164   0.588498   0.234738   0.235783   0.231872   0.191637   0.177445   0.388549   0.144091   0.113413   0.291691  -0.120688   0.461722   0.470777   0.406819
  27   0.004877   0.098525   0.078709  -0.085463   0.620736   0.529598   0.640556   0.420958   0.228558   0.230440   0.361551   0.464146   0.145584   0.111407   0.256295   0.408673
  28   0.004536   0.154341   0.065749  -0.087387  -0.014833   0.137458   0.131023   0.083423  -0.024549   0.369114   0.118859   0.270569  -0.237500  -0.058228  -0.005088   0.012439
  29  -0.642863   0.043778   0.331794  -0.225657  -0.324625  -0.078500  -0.033065  -0.025088  -0.179870  -0.120854   0.003648   0.014903  -0.124601  -0.231347   0.451302   0.015219
  30  -0.069355   0.353293   0.237239  -0.257086  -0.058161   0.839263   0.274245  -0.193616   0.002435   0.073067   0.250525   0.014826   0.218249   0.334562   0.318168  -0.030960
  31   0.111799   0.047598   0.182885   0.843942   0.351742   0.454647   0.336051   0.327074   0.251052   0.483686   0.315176   0.140484  -0.123873   0.024084  -0.041106   0.027327
  32  -0.191684   0.313798  -0.079656  -0.080468   0.238684   0.172304  -0.065915   0.059545   0.095663   0.125051   0.136407  -0.015170   0.261684   0.190769  -0.401127   0.079415
