pos      val_A      val_C      val_G      val_T
   0  -0.024505   0.017044  -0.009990   0.017451
   1   0.039409  -0.082635  -0.104260   0.147485
   2   0.112515   0.103695   0.071659  -0.287869
   3   0.002125   0.207646  -0.025683  -0.184088
   4   0.210961   0.136487  -0.274041  -0.073407
   5  -0.155083   0.072752   0.016001   0.066330
   6   0.051954  -0.222864   0.155028   0.015882
   7  -0.081840   0.073547   0.037062  -0.028769
   8  -0.014826   0.034141   0.006030  -0.025344
   9  -0.014875   0.002134   0.001055   0.011687
  10   0.006477  -0.001608  -0.006030   0.001160
  11   0.003566   0.006445  -0.002195  -0.007815
  12  -0.023374  -0.001849  -0.011584   0.036806
  13   0.011908  -0.000240  -0.005139  -0.006529
  14  -0.027335  -0.000927  -0.017034   0.045297
  15   0.009013  -0.013759  -0.014010   0.018756
  16   0.002056  -0.009536   0.010980  -0.003499
  17   0.012330   0.002249  -0.002035  -0.012544
  18  -0.008899  -0.005960   0.019375  -0.004516
  19   0.005261   0.002501   0.005909  -0.013672
  20  -0.000245   0.011767   0.010713  -0.022234
  21   0.017716   0.025577   0.021302  -0.064594
  22  -0.072550   0.026919  -0.043481   0.089113
  23  -0.000210   0.041206  -0.061714   0.020718
  24   0.007285   0.105418  -0.121983   0.009280
  25   0.025187   0.021352  -0.035139  -0.011400
  26  -0.005026   0.044488   0.173658  -0.213120
  27  -0.384832   0.141058   0.160595   0.083180
  28  -0.023024   0.045731   0.046812  -0.069519
  29  -0.127093   0.018925   0.050752   0.057417
  30  -0.105315  -0.023316   0.063521   0.065109
  31  -0.011484   0.146358   0.099590  -0.234465
  32  -0.067722   0.047930  -0.015654   0.035446
  33  -0.017896   0.043081   0.003170  -0.028356
