pos     val_AA     val_AC     val_AG     val_AT     val_CA     val_CC     val_CG     val_CT     val_GA     val_GC     val_GG     val_GT     val_TA     val_TC     val_TG     val_TT
   0  -0.055708   0.000000   0.016011  -0.135881   0.031529  -0.045267   0.000169  -0.291130  -0.060554  -0.014991   0.008796  -0.103138  -0.046972   0.016996  -0.034419  -0.191864
   1  -0.176281  -0.288815  -0.185889   0.000000  -0.171846  -0.170217  -0.172428   0.000000  -0.290367  -0.345067  -0.243847   0.000000  -0.300482  -0.119426  -0.205746   0.000000
   2  -0.125967  -0.184981   0.020267   0.000000  -0.148326  -0.193519  -0.059651   0.000000  -0.136772  -0.195156   0.101923   0.000000  -0.050466  -0.169330  -0.053613   0.000000
   3  -0.109077  -0.188821   0.066216   0.000000   0.015617  -0.010854   0.038816   0.000000  -0.245996  -0.089403   0.215784   0.000000  -0.151348  -0.073157   0.076938   0.000000
   4   0.000000  -0.040780  -0.121717  -0.087720   0.000000  -0.280151  -0.087748  -0.258600   0.000000  -0.175211  -0.001638   0.036888   0.000000  -0.114677  -0.102538  -0.073687
   5  -0.105704   0.000000  -0.160591  -0.094763  -0.129859   0.000000  -0.076216  -0.021876  -0.158772   0.000000  -0.001127   0.014189  -0.121623   0.000000  -0.222565  -0.191702
   6   0.000000  -0.176082  -0.112523   0.038577   0.000000  -0.042781  -0.062684  -0.028200   0.000000  -0.094968   0.013036  -0.026838   0.000000  -0.087219  -0.059907   0.027675
   7   0.014044   0.000000   0.000849   0.030666   0.013934   0.000000  -0.064461  -0.102366   0.025467   0.000000  -0.069896  -0.068115  -0.104983   0.000000  -0.064395  -0.062351
   8  -0.105327  -0.007530  -0.023524   0.000000   0.014878   0.000121  -0.001473   0.000000   0.027514  -0.055778   0.094425   0.000000  -0.097275  -0.006688  -0.059738   0.000000
   9  -0.003099   0.038275   0.159843   0.000000  -0.029506   0.034876   0.010774   0.000000  -0.089441  -0.045215  -0.133497   0.000000  -0.017602   0.031695  -0.000969   0.000000
  10   0.159127   0.037496  -0.012534   0.000000  -0.073741  -0.101866   0.020557   0.000000   0.005544  -0.075731  -0.114639   0.000000   0.003602  -0.025484   0.006260   0.000000
  11   0.000000   0.066367  -0.066091  -0.113463   0.000000   0.077472  -0.096424  -0.009163   0.000000  -0.021393  -0.216007  -0.059925   0.000000   0.005082  -0.032408  -0.041031
  12  -0.027620  -0.020419  -0.024017   0.000000  -0.184387  -0.044831  -0.080851   0.000000  -0.002079   0.034338  -0.063931   0.000000   0.119104   0.084776   0.017525   0.000000
  13   0.207492  -0.137953   0.000000   0.104847   0.200593   0.152754   0.000000   0.046050  -0.063482   0.089229   0.000000  -0.134063  -0.003938  -0.015442   0.000000  -0.018436
  14   0.148904   0.000000   0.028034  -0.161688  -0.006051   0.000000  -0.050462  -0.055275  -0.011206   0.000000   0.015587  -0.010444  -0.086735   0.000000   0.096021  -0.082853
  15   0.021808   0.018099  -0.025802   0.000000  -0.004160  -0.004543  -0.011238   0.000000   0.176951   0.176343  -0.021295   0.000000   0.010533   0.078103  -0.080624   0.000000
  16  -0.160701  -0.017456   0.011189   0.000000   0.103562  -0.127012  -0.078063   0.000000   0.104121   0.037269   0.033710   0.000000  -0.008304   0.009987  -0.019231   0.000000
  17  -0.064943   0.000000   0.152028   0.117497  -0.075762   0.000000  -0.004764  -0.088032   0.014010   0.000000  -0.044071  -0.009992  -0.002241   0.000000  -0.011612   0.007061
  18   0.287681   0.000000  -0.050080  -0.126319   0.018462   0.000000   0.009375  -0.003264  -0.032854   0.000000   0.184229  -0.105861  -0.011699   0.000000  -0.014775   0.147094
  19  -0.042053  -0.028067   0.000000   0.091798   0.004248  -0.009203   0.000000   0.013186   0.148788  -0.021012   0.000000  -0.089481   0.069827   0.071133   0.000000  -0.044336
  20  -0.063535   0.078435   0.000000  -0.027475   0.127446   0.258611   0.000000   0.227562  -0.021407   0.026124   0.000000   0.032795   0.033832   0.020869   0.000000  -0.080207
  21  -0.041520   0.000000   0.256220   0.090968  -0.092799   0.000000   0.035543  -0.106929   0.034716   0.000000   0.016810  -0.028432   0.062181   0.000000  -0.064737  -0.168929
  22   0.056986  -0.029437   0.127558   0.000000   0.023501   0.000304   0.000457   0.000000   0.111645   0.014335   0.241411   0.000000   0.110005   0.157735   0.084511   0.000000
  23   0.090619   0.000000   0.051819   0.058241   0.026558   0.000000   0.104456  -0.056997  -0.088880   0.000000   0.010809   0.050201   0.045861   0.000000   0.094045   0.047668
  24  -0.004628  -0.074741   0.000000   0.006997  -0.006564   0.026143   0.000000  -0.038126  -0.129689  -0.081037   0.000000  -0.033794   0.069490   0.034195   0.000000  -0.188190
  25  -0.226639  -0.137227  -0.218173   0.000000  -0.171737  -0.204325  -0.199585   0.000000  -0.094454  -0.115907  -0.159438   0.000000   0.072813  -0.160569  -0.220292   0.000000
  26   0.000000  -0.180514  -0.127292  -0.237602   0.000000  -0.232439  -0.271595  -0.298647   0.000000  -0.223564  -0.229344  -0.130164   0.000000  -0.241991  -0.234126  -0.222914
  27   0.018445  -0.046648  -0.044875   0.000000   0.096326   0.020266   0.106389   0.000000  -0.168007  -0.074191  -0.116251   0.000000  -0.040214  -0.158783  -0.058517   0.000000
  28   0.089656  -0.044515   0.000000  -0.095525   0.052700  -0.001177   0.000000  -0.018492   0.066834   0.184775   0.000000   0.096694   0.035347   0.004387   0.000000   0.009098
  29   0.083137   0.053614   0.227813   0.000000   0.059376   0.136301   0.066316   0.000000   0.068118   0.006532   0.008761   0.000000   0.082715  -0.040272   0.070466   0.000000
  30  -0.124250  -0.065897  -0.057341   0.000000  -0.206844   0.005003  -0.036927   0.000000  -0.235687  -0.242242  -0.160995   0.000000  -0.088681  -0.165006  -0.141339   0.000000
  31  -0.037184  -0.154773   0.000000   0.265152   0.039280   0.022270   0.000000  -0.027194  -0.015969  -0.033074   0.000000  -0.000944   0.032178  -0.018625   0.000000  -0.017532
  32  -0.120728  -0.117666   0.006200   0.000000   0.080675   0.003497  -0.032402   0.000000  -0.015303  -0.048101   0.004744   0.000000   0.062259   0.017397  -0.151206   0.000000
