pos      val_A      val_C      val_G      val_T
   0   0.046385   0.009101   0.033535  -0.089021
   1  -0.105881   0.172455   0.225042  -0.291617
   2  -0.216195  -0.183427  -0.154380   0.554002
   3  -0.023054  -0.376176   0.001603   0.397627
   4  -0.408415  -0.310542   0.589570   0.129387
   5   0.308781  -0.125410   0.008297  -0.191668
   6  -0.114219   0.464242  -0.288384  -0.061639
   7   0.151909  -0.194380  -0.044275   0.086745
   8   0.057164  -0.100531   0.007030   0.036337
   9   0.005551   0.023576   0.014682  -0.043808
  10   0.057365  -0.045970  -0.003116  -0.008279
  11  -0.031101   0.058131  -0.009880  -0.017150
  12   0.025030  -0.027223   0.074120  -0.071926
  13  -0.011193  -0.024667   0.033565   0.002294
  14   0.055530   0.030659   0.022251  -0.108441
  15  -0.014074   0.045637   0.012644  -0.044207
  16   0.023971   0.027927  -0.045922  -0.005976
  17  -0.044037  -0.038509   0.044488   0.038058
  18   0.012677   0.008403  -0.037743   0.016662
  19  -0.081608   0.019783  -0.007922   0.069747
  20   0.000514  -0.040061  -0.022873   0.062420
  21   0.015757  -0.097167  -0.044339   0.125748
  22   0.186021  -0.078559   0.106452  -0.213914
  23  -0.042258  -0.109226   0.191949  -0.040464
  24  -0.039470  -0.222935   0.307796  -0.045390
  25  -0.046484  -0.090223   0.068976   0.067730
  26  -0.001288  -0.087590  -0.342576   0.431455
  27   0.740510  -0.278831  -0.292558  -0.169121
  28   0.027557  -0.100767  -0.101080   0.174290
  29   0.317601  -0.048837  -0.122768  -0.145996
  30   0.248046   0.100079  -0.192063  -0.156063
  31   0.015999  -0.278766  -0.220591   0.483358
  32   0.174132  -0.096034   0.037583  -0.115680
  33  -0.007497  -0.035961  -0.018635   0.062093
